+---------+---------+---------------+---------------+---------------+---------------+---------------+
|Limit    |Type     |0              |1              |2              |3              |4              |
+---------+---------+---------------+---------------+---------------+---------------+---------------+
|10       |linear   |0.00001        |0.00000        |0.00000        |0.00000        |0.00000        |
|         |binary   |0.00001        |0.00000        |0.00000        |0.00000        |0.00000        |
|         |index    |0.00001        |0.00000        |0.00000        |0.00000        |0.00000        |
+---------+---------+---------------+---------------+---------------+---------------+---------------+
|100      |linear   |0.00001        |0.00001        |0.00001        |0.00001        |0.00001        |
|         |binary   |0.00000        |0.00001        |0.00000        |0.00000        |0.00000        |
|         |index    |0.00000        |0.00000        |0.00000        |0.00000        |0.00000        |
+---------+---------+---------------+---------------+---------------+---------------+---------------+
|1000     |linear   |0.00010        |0.00009        |0.00009        |0.00009        |0.00009        |
|         |binary   |0.00001        |0.00001        |0.00001        |0.00001        |0.00001        |
|         |index    |0.00002        |0.00002        |0.00002        |0.00002        |0.00002        |
+---------+---------+---------------+---------------+---------------+---------------+---------------+
|10000    |linear   |0.00105        |0.00109        |0.00096        |0.00095        |0.00095        |
|         |binary   |0.00001        |0.00001        |0.00001        |0.00001        |0.00001        |
|         |index    |0.00019        |0.00018        |0.00018        |0.00018        |0.00018        |
+---------+---------+---------------+---------------+---------------+---------------+---------------+
|100000   |linear   |0.01202        |0.01110        |0.01104        |0.01120        |0.01105        |
|         |binary   |0.00002        |0.00001        |0.00001        |0.00001        |0.00001        |
|         |index    |0.00202        |0.00203        |0.00201        |0.00203        |0.00201        |
+---------+---------+---------------+---------------+---------------+---------------+---------------+
|1000000  |linear   |0.12557        |0.12096        |0.11942        |0.11901        |0.11915        |
|         |binary   |0.00002        |0.00001        |0.00001        |0.00001        |0.00001        |
|         |index    |0.02116        |0.02108        |0.02105        |0.02117        |0.02104        |
+---------+---------+---------------+---------------+---------------+---------------+---------------+
