+---------+---------+---------------+---------------+---------------+---------------+---------------+
|Limit    |Type     |0              |1              |2              |3              |4              |
+---------+---------+---------------+---------------+---------------+---------------+---------------+
|10       |bubble   |0.00002        |0.00002        |0.00002        |0.00002        |0.00002        |
|         |built-in |0.00001        |0.00000        |0.00000        |0.00000        |0.00000        |
+---------+---------+---------------+---------------+---------------+---------------+---------------+
|100      |bubble   |0.00053        |0.00093        |0.00093        |0.00053        |0.00092        |
|         |built-in |0.00002        |0.00001        |0.00001        |0.00001        |0.00001        |
+---------+---------+---------------+---------------+---------------+---------------+---------------+
|100      |bubble   |0.00102        |0.00110        |0.00101        |0.00103        |0.00101        |
|         |built-in |0.00002        |0.00001        |0.00001        |0.00001        |0.00001        |
+---------+---------+---------------+---------------+---------------+---------------+---------------+
|1000     |bubble   |0.09047        |0.08887        |0.08747        |0.08999        |0.08804        |
|         |built-in |0.00021        |0.00018        |0.00019        |0.00018        |0.00018        |
+---------+---------+---------------+---------------+---------------+---------------+---------------+
|10000    |bubble   |8.94178        |8.88268        |8.88088        |8.90235        |8.94336        |
|         |built-in |0.00247        |0.00540        |0.00221        |0.00229        |0.00246        |
+---------+---------+---------------+---------------+---------------+---------------+---------------+
|100000   |bubble   |908.85695      |899.08199      |900.34967      |903.64258      |901.49068      |
|         |built-in |0.03523        |0.03249        |0.03281        |0.03225        |0.03241        |
+---------+---------+---------------+---------------+---------------+---------------+---------------+
